# sonda 1, UDO 2016-12-08 15:28 - 2016-12-09 07:25, lead castle
24
24
17
25
23
16
17
20
27
23
19
26
19
13
24
17
17
14
23
17
19
22
29
18
16
21
18
22
17
15
19
26
24
21
24
16
17
21
23
18
25
18
15
18
30
17
24
20
17
27
31
14
19
21
20
16
24
16
27
22
17
10
20
18
17
22
13
23
18
15
21
23
22
19
25
15
27
19
20
16
23
23
23
34
22
20
13
21
25
16
17
16
17
25
17
13
26
29
20
21
16
17
16
17
23
26
23
20
14
23
19
17
19
19
17
16
21
25
13
17
21
17
19
17
34
22
19
20
15
22
23
22
23
21
15
15
30
13
15
14
19
26
23
20
19
22
16
17
15
14
20
20
22
21
26
17
17
13
18
21
18
15
24
20
26
17
11
16
13
19
21
15
14
14
20
20
23
22
24
15
11
15
17
15
16
28
28
22
18
18
26
27
15
15
10
13
13
27
17
20
7
24
18
21
23
25
22
21
22
25
25
14
20
23
22
22
28
14
26
20
15
17
19
20
16
18
20
18
21
24
28
18
14
13
22
19
22
15
20
22
22
16
21
22
17
19
25
29
14
20
21
27
20
19
15
15
21
22
22
27
20
24
16
7
23
18
20
12
24
30
21
19
26
18
19
14
18
23
31
18
22
25
25
20
20
18
18
23
23
18
19
14
26
19
23
19
14
22
23
12
14
19
15
19
19
28
20
21
13
17
17
15
17
25
21
19
13
28
15
21
19
24
18
20
20
21
26
18
13
18
17
20
20
23
25
17
18
29
22
21
23
14
24
17
23
20
20
26
23
17
15
21
17
19
17
21
12
24
24
30
24
13
18
22
18
17
23
22
17
18
23
13
19
15
20
27
24
22
19
23
15
21
17
19
21
18
20
17
11
19
18
17
21
22
20
8
20
20
20
10
15
16
20
15
12
21
28
19
24
14
21
15
13
17
22
19
18
11
17
23
15
19
17
17
19
16
16
19
21
16
18
14
18
23
16
19
17
20
23
22
16
23
19
17
23
11
21
24
23
14
15
21
19
19
23
17
19
16
17
21
18
14
19
18
21
15
25
23
17
19
23
13
19
17
21
21
16
24
20
20
24
22
19
25
23
16
25
9
24
20
21
16
16
24
19
27
12
22
26
17
9
21
20
22
19
24
29
15
21
19
20
33
21
21
18
13
20
23
22
12
26
14
19
15
16
27
20
17
27
27
24
20
21
24
22
12
22
18
25
17
18
20
17
21
14
21
18
14
22
18
25
23
24
20
24
16
24
23
17
15
17
18
25
16
24
19
23
19
15
15
29
19
11
19
21
21
22
21
22
19
16
18
23
26
16
21
15
20
12
15
23
31
10
29
17
19
17
16
15
20
17
22
28
11
21
22
21
23
21
27
22
20
15
19
21
25
21
16
14
18
25
27
14
27
23
20
20
22
24
12
15
26
20
14
11
16
19
21
20
21
21
13
17
21
18
23
16
25
18
15
18
21
16
22
22
27
22
19
13
17
20
17
20
9
19
20
20
18
16
17
12
25
17
18
24
13
17
17
21
19
22
19
25
25
18
12
17
20
22
13
23
25
23
14
18
29
19
22
29
16
29
25
13
18
15
12
20
25
18
17
16
17
27
21
14
25
25
16
13
14
21
24
24
18
9
20
22
25
19
13
29
22
12
21
17
15
16
25
22
16
23
16
21
21
24
22
23
21
25
15
17
22
21
21
14
14
19
24
20
28
25
20
24
25
12
15
25
31
22
19
17
20
23
16
13
23
28
12
19
15
19
16
15
20
17
20
22
17
13
21
27
21
19
21
20
14
17
18
16
16
33
16
24
10
21
20
14
30
15
20
20
18
29
10
29
15
17
19
17
19
20
16
17
24
26
21
21
17
28
29
18
20
15
14
19
15
19
26
23
14
20
17
21
21
19
14
21
22
18
17
17
17
18
23
19
22
18
23
26
25
15
22
30
29
24
20
24
18
20
14
23
18
24
18
13
26
14
18
16
18
18
14
27
17
13
12
25
11
17
15
27
16
26
21
23
19
23
17
26
15
20
16
27
17
22
17
19
18
18
28
19
26
19
15
23
19
20
27
19
15
23
23
21
20
23
13
15
21
22
18
21
16
22
21
17
18
28
13
21
18
20
22
27
15
18
29
19
18
27
21
19
